    0.0000    0.0000
    0.0100    0.0000
    0.0200    0.0000
    0.0300    0.0001
    0.0400    0.0002
    0.0500    0.0007
    0.0600    0.0016
    0.0700    0.0032
    0.0800    0.0060
    0.0900    0.0102
    0.1000    0.0164
    0.1100    0.0249
    0.1200    0.0364
    0.1300    0.0513
    0.1400    0.0701
    0.1500    0.0934
    0.1600    0.1216
    0.1700    0.1550
    0.1800    0.1942
    0.1900    0.2393
    0.2000    0.2907
    0.2100    0.3484
    0.2200    0.4125
    0.2300    0.4829
    0.2400    0.5597
    0.2500    0.6424
    0.2600    0.7308
    0.2700    0.8246
    0.2800    0.9231
    0.2900    1.0258
    0.3000    1.1321
    0.3100    1.2412
    0.3200    1.3523
    0.3300    1.4647
    0.3400    1.5773
    0.3500    1.6893
    0.3600    1.7997
    0.3700    1.9077
    0.3800    2.0122
    0.3900    2.1123
    0.4000    2.2072
    0.4100    2.2960
    0.4200    2.3778
    0.4300    2.4519
    0.4400    2.5177
    0.4500    2.5744
    0.4600    2.6215
    0.4700    2.6587
    0.4800    2.6854
    0.4900    2.7016
    0.5000    2.7070
    0.5100    2.7016
    0.5200    2.6854
    0.5300    2.6587
    0.5400    2.6215
    0.5500    2.5744
    0.5600    2.5177
    0.5700    2.4519
    0.5800    2.3778
    0.5900    2.2960
    0.6000    2.2072
    0.6100    2.1123
    0.6200    2.0122
    0.6300    1.9077
    0.6400    1.7997
    0.6500    1.6893
    0.6600    1.5773
    0.6700    1.4647
    0.6800    1.3523
    0.6900    1.2412
    0.7000    1.1321
    0.7100    1.0258
    0.7200    0.9231
    0.7300    0.8246
    0.7400    0.7308
    0.7500    0.6424
    0.7600    0.5597
    0.7700    0.4829
    0.7800    0.4125
    0.7900    0.3484
    0.8000    0.2907
    0.8100    0.2393
    0.8200    0.1942
    0.8300    0.1550
    0.8400    0.1216
    0.8500    0.0934
    0.8600    0.0701
    0.8700    0.0513
    0.8800    0.0364
    0.8900    0.0249
    0.9000    0.0164
    0.9100    0.0102
    0.9200    0.0060
    0.9300    0.0032
    0.9400    0.0016
    0.9500    0.0007
    0.9600    0.0002
    0.9700    0.0001
    0.9800    0.0000
    0.9900    0.0000
    1.0000    0.0000