    0.0000    0.0000
    0.0100    0.0058
    0.0200    0.0226
    0.0300    0.0493
    0.0400    0.0849
    0.0500    0.1286
    0.0600    0.1794
    0.0700    0.2365
    0.0800    0.2990
    0.0900    0.3662
    0.1000    0.4374
    0.1100    0.5118
    0.1200    0.5888
    0.1300    0.6677
    0.1400    0.7480
    0.1500    0.8291
    0.1600    0.9104
    0.1700    0.9915
    0.1800    1.0719
    0.1900    1.1511
    0.2000    1.2288
    0.2100    1.3046
    0.2200    1.3781
    0.2300    1.4490
    0.2400    1.5171
    0.2500    1.5820
    0.2600    1.6436
    0.2700    1.7016
    0.2800    1.7558
    0.2900    1.8060
    0.3000    1.8522
    0.3100    1.8942
    0.3200    1.9319
    0.3300    1.9652
    0.3400    1.9941
    0.3500    2.0185
    0.3600    2.0384
    0.3700    2.0539
    0.3800    2.0649
    0.3900    2.0714
    0.4000    2.0736
    0.4100    2.0715
    0.4200    2.0651
    0.4300    2.0545
    0.4400    2.0400
    0.4500    2.0215
    0.4600    1.9992
    0.4700    1.9732
    0.4800    1.9438
    0.4900    1.9110
    0.5000    1.8750
    0.5100    1.8360
    0.5200    1.7942
    0.5300    1.7498
    0.5400    1.7030
    0.5500    1.6539
    0.5600    1.6028
    0.5700    1.5499
    0.5800    1.4954
    0.5900    1.4395
    0.6000    1.3824
    0.6100    1.3244
    0.6200    1.2656
    0.6300    1.2063
    0.6400    1.1466
    0.6500    1.0869
    0.6600    1.0272
    0.6700    0.9679
    0.6800    0.9091
    0.6900    0.8510
    0.7000    0.7938
    0.7100    0.7377
    0.7200    0.6828
    0.7300    0.6293
    0.7400    0.5775
    0.7500    0.5273
    0.7600    0.4791
    0.7700    0.4328
    0.7800    0.3887
    0.7900    0.3468
    0.8000    0.3072
    0.8100    0.2700
    0.8200    0.2353
    0.8300    0.2031
    0.8400    0.1734
    0.8500    0.1463
    0.8600    0.1218
    0.8700    0.0998
    0.8800    0.0803
    0.8900    0.0633
    0.9000    0.0486
    0.9100    0.0362
    0.9200    0.0260
    0.9300    0.0178
    0.9400    0.0115
    0.9500    0.0068
    0.9600    0.0035
    0.9700    0.0015
    0.9800    0.0005
    0.9900    0.0001
    1.0000    0.0000