    0.0000    0.0000
    0.0100    0.0000
    0.0200    0.0000
    0.0300    0.0000
    0.0400    0.0000
    0.0500    0.0000
    0.0600    0.0000
    0.0700    0.0001
    0.0800    0.0002
    0.0900    0.0005
    0.1000    0.0011
    0.1100    0.0023
    0.1200    0.0045
    0.1300    0.0081
    0.1400    0.0139
    0.1500    0.0227
    0.1600    0.0356
    0.1700    0.0539
    0.1800    0.0789
    0.1900    0.1121
    0.2000    0.1551
    0.2100    0.2096
    0.2200    0.2769
    0.2300    0.3584
    0.2400    0.4553
    0.2500    0.5683
    0.2600    0.6978
    0.2700    0.8438
    0.2800    1.0058
    0.2900    1.1826
    0.3000    1.3728
    0.3100    1.5741
    0.3200    1.7839
    0.3300    1.9993
    0.3400    2.2168
    0.3500    2.4327
    0.3600    2.6432
    0.3700    2.8444
    0.3800    3.0324
    0.3900    3.2036
    0.4000    3.3545
    0.4100    3.4822
    0.4200    3.5841
    0.4300    3.6582
    0.4400    3.7031
    0.4500    3.7182
    0.4600    3.7032
    0.4700    3.6588
    0.4800    3.5862
    0.4900    3.4871
    0.5000    3.3638
    0.5100    3.2189
    0.5200    3.0557
    0.5300    2.8773
    0.5400    2.6872
    0.5500    2.4890
    0.5600    2.2861
    0.5700    2.0819
    0.5800    1.8794
    0.5900    1.6816
    0.6000    1.4909
    0.6100    1.3095
    0.6200    1.1391
    0.6300    0.9811
    0.6400    0.8363
    0.6500    0.7053
    0.6600    0.5883
    0.6700    0.4850
    0.6800    0.3951
    0.6900    0.3177
    0.7000    0.2521
    0.7100    0.1973
    0.7200    0.1521
    0.7300    0.1154
    0.7400    0.0861
    0.7500    0.0631
    0.7600    0.0454
    0.7700    0.0320
    0.7800    0.0220
    0.7900    0.0148
    0.8000    0.0097
    0.8100    0.0062
    0.8200    0.0038
    0.8300    0.0023
    0.8400    0.0013
    0.8500    0.0007
    0.8600    0.0004
    0.8700    0.0002
    0.8800    0.0001
    0.8900    0.0000
    0.9000    0.0000
    0.9100    0.0000
    0.9200    0.0000
    0.9300    0.0000
    0.9400    0.0000
    0.9500    0.0000
    0.9600    0.0000
    0.9700    0.0000
    0.9800    0.0000
    0.9900    0.0000
    1.0000    0.0000