    0.0000    0.0000
    0.0100    0.0000
    0.0200    0.0000
    0.0300    0.0000
    0.0400    0.0000
    0.0500    0.0000
    0.0600    0.0000
    0.0700    0.0000
    0.0800    0.0000
    0.0900    0.0000
    0.1000    0.0000
    0.1100    0.0000
    0.1200    0.0000
    0.1300    0.0000
    0.1400    0.0000
    0.1500    0.0000
    0.1600    0.0000
    0.1700    0.0000
    0.1800    0.0000
    0.1900    0.0000
    0.2000    0.0000
    0.2100    0.0000
    0.2200    0.0000
    0.2300    0.0000
    0.2400    0.0000
    0.2500    0.0001
    0.2600    0.0003
    0.2700    0.0005
    0.2800    0.0011
    0.2900    0.0021
    0.3000    0.0040
    0.3100    0.0074
    0.3200    0.0130
    0.3300    0.0223
    0.3400    0.0369
    0.3500    0.0594
    0.3600    0.0929
    0.3700    0.1415
    0.3800    0.2100
    0.3900    0.3040
    0.4000    0.4293
    0.4100    0.5921
    0.4200    0.7982
    0.4300    1.0522
    0.4400    1.3569
    0.4500    1.7126
    0.4600    2.1165
    0.4700    2.5618
    0.4800    3.0378
    0.4900    3.5300
    0.5000    4.0201
    0.5100    4.4876
    0.5200    4.9106
    0.5300    5.2676
    0.5400    5.5390
    0.5500    5.7091
    0.5600    5.7672
    0.5700    5.7087
    0.5800    5.5361
    0.5900    5.2582
    0.6000    4.8898
    0.6100    4.4504
    0.6200    3.9623
    0.6300    3.4491
    0.6400    2.9338
    0.6500    2.4367
    0.6600    1.9747
    0.6700    1.5601
    0.6800    1.2003
    0.6900    0.8984
    0.7000    0.6534
    0.7100    0.4610
    0.7200    0.3152
    0.7300    0.2083
    0.7400    0.1329
    0.7500    0.0817
    0.7600    0.0482
    0.7700    0.0273
    0.7800    0.0147
    0.7900    0.0076
    0.8000    0.0037
    0.8100    0.0017
    0.8200    0.0007
    0.8300    0.0003
    0.8400    0.0001
    0.8500    0.0000
    0.8600    0.0000
    0.8700    0.0000
    0.8800    0.0000
    0.8900    0.0000
    0.9000    0.0000
    0.9100    0.0000
    0.9200    0.0000
    0.9300    0.0000
    0.9400    0.0000
    0.9500    0.0000
    0.9600    0.0000
    0.9700    0.0000
    0.9800    0.0000
    0.9900    0.0000
    1.0000    0.0000