         0        24.63     1.15
     15500        30.74     2.45
     31000        36.28     2.13
     46500        32.87     1.38
     62000        24.41     2.10
     77500        18.81     1.56
     93000        16.40     1.50
    108500        16.94     1.68
    124000        24.35     1.16
    139500        32.70     1.44
    155000        33.80     2.82
    170500        28.50     2.67
    186000        27.37     2.16
    201500        13.70     2.71
    217000        13.83     1.54
    232500        17.05     1.70
    248000        24.13     1.32
    263500        31.97     2.55
    279000        35.03     2.29
    294500        33.12     1.09
    310000        24.27     1.42
    325500        18.93     2.72
    341000        14.62     1.72
    356500        18.79     2.41
    372000        25.82     2.58