       0.859000       0.799235       0.004144
       0.871000       0.785459       0.003114
       0.883000       0.782969       0.003113
       0.894000       0.774511       0.003048
       0.904000       0.773943       0.001687
       0.914000       0.771829       0.001590
       0.924000       0.774079       0.002002
       0.933000       0.771262       0.002131
       0.941000       0.770969       0.001663
       0.949000       0.765058       0.001053
       0.957000       0.772268       0.001664
       0.964000       0.766971       0.001742
       0.970000       0.762778       0.002074
       0.976000       0.760802       0.002702
       0.982000       0.750910       0.002095
       0.988000       0.737784       0.001731
       0.994000       0.727183       0.001696
       1.000000       0.717710       0.003369
       1.006000       0.705285       0.001665
       1.012000       0.694862       0.002641
       1.018000       0.680755       0.001324
       1.023500       0.673851       0.001544
       1.028500       0.666663       0.002269
       1.033500       0.663259       0.001659
       1.038500       0.658947       0.001930
       1.043500       0.659671       0.001558
       1.048500       0.659864       0.001645
       1.053500       0.661228       0.001567
       1.058500       0.664806       0.002836
       1.063500       0.673372       0.001736
       1.068500       0.685405       0.000835
       1.073500       0.690734       0.001458
       1.078500       0.699667       0.001721
       1.083500       0.703677       0.001710
       1.088500       0.704521       0.001077
       1.093500       0.704114       0.001422
       1.098500       0.703873       0.001259
       1.103500       0.700544       0.001453
       1.108500       0.698743       0.001573
       1.113500       0.697357       0.001678
       1.118500       0.694383       0.001143
       1.123500       0.692468       0.001154
       1.128500       0.687462       0.001003
       1.133500       0.685142       0.001382
       1.138500       0.686916       0.001763
       1.143500       0.682324       0.001517
       1.148500       0.676713       0.001589
       1.153500       0.671845       0.001399
       1.158500       0.665212       0.001460
       1.163500       0.656224       0.001377
       1.168500       0.644923       0.000996
       1.173500       0.633152       0.001369
       1.178500       0.616764       0.001454
       1.183500       0.603050       0.001038
       1.188500       0.588964       0.001274
       1.193500       0.573136       0.001296
       1.198500       0.559415       0.001041
       1.203500       0.544051       0.001157
       1.208500       0.529718       0.001590
       1.213500       0.517223       0.002903
       1.218500       0.503852       0.001232
       1.223500       0.494370       0.001089
       1.228500       0.482717       0.001155
       1.233500       0.475386       0.001346
       1.238500       0.467969       0.001802
       1.243500       0.461567       0.001563
       1.248500       0.454039       0.001295
       1.253500       0.450374       0.000941
       1.258500       0.445422       0.001749
       1.263500       0.443454       0.001010
       1.268500       0.443077       0.001286
       1.273500       0.442604       0.001051
       1.278500       0.444606       0.001286
       1.283500       0.445839       0.001368
       1.288500       0.445443       0.001135
       1.293500       0.444604       0.001211
       1.298500       0.443630       0.001259
       1.303500       0.442121       0.001035
       1.308500       0.445824       0.001033
       1.313500       0.452633       0.001050
       1.318500       0.460674       0.001107
       1.323500       0.469121       0.001327
       1.328500       0.472052       0.001185
       1.333500       0.475644       0.001295
       1.338500       0.479712       0.001198
       1.343500       0.480467       0.001004
       1.348500       0.481455       0.001309
       1.353500       0.479608       0.001707
       1.358500       0.481118       0.001182
       1.363500       0.481436       0.001794
       1.368500       0.477262       0.001534
       1.373500       0.474859       0.001233
       1.378500       0.469621       0.001767
       1.383500       0.467907       0.001485
       1.388500       0.464173       0.001019
       1.393500       0.458223       0.001209
       1.398500       0.446506       0.001362
       1.403500       0.437842       0.001455
       1.408500       0.421333       0.001724
       1.413500       0.403577       0.002107
       1.418500       0.381704       0.001375
       1.423500       0.353606       0.001459
       1.428500       0.325448       0.001273
       1.433500       0.292072       0.001474
       1.438500       0.261590       0.002251
       1.443500       0.227081       0.001449
       1.448500       0.196494       0.001929
       1.453500       0.169415       0.001540
       1.458500       0.148143       0.002065
       1.463500       0.127782       0.001383
       1.468500       0.113635       0.001087
       1.473500       0.100453       0.002213
       1.478500       0.089700       0.001226
       1.483500       0.078800       0.002113
       1.488500       0.077536       0.001994
       1.493500       0.070746       0.002273
       1.498500       0.069235       0.002485
       1.503500       0.072595       0.002436
       1.508500       0.070705       0.002345
       1.513500       0.072778       0.001346
       1.518500       0.073984       0.001692
       1.523500       0.071608       0.001748
       1.528500       0.075556       0.001505
       1.534000       0.076552       0.001488
       1.540000       0.077543       0.001541
       1.546000       0.077193       0.001362
       1.552000       0.080441       0.001778
       1.558000       0.080626       0.001398
       1.564000       0.083190       0.001775
       1.570500       0.087355       0.001392
       1.577500       0.091643       0.001356
       1.584500       0.097890       0.001150
       1.591500       0.103643       0.001771
       1.598500       0.110209       0.001153
       1.605500       0.114588       0.001619
       1.612500       0.118100       0.001175
       1.619500       0.116589       0.001467
       1.626500       0.115424       0.001512
       1.633500       0.111600       0.001010
       1.640500       0.109971       0.001588
       1.647500       0.110879       0.001048
       1.654500       0.117550       0.001816
       1.661500       0.125117       0.001722
       1.668500       0.133901       0.002105
       1.676000       0.142061       0.001364
       1.684000       0.150515       0.001962
       1.692000       0.160102       0.001040
       1.700000       0.169747       0.001863
       1.708000       0.178910       0.001310
       1.716000       0.185442       0.001655
       1.724000       0.194978       0.001062
       1.732000       0.203556       0.001629
       1.740000       0.211000       0.001265
       1.748000       0.220201       0.001371
       1.756000       0.223333       0.001342
       1.764000       0.228453       0.001828
       1.772000       0.231672       0.001350
       1.780000       0.233747       0.001683
       1.788000       0.237518       0.001457
       1.796000       0.239331       0.001553
       1.805000       0.240377       0.001749
       1.815000       0.242740       0.000982
       1.825000       0.245298       0.001155
       1.835000       0.243516       0.001620
       1.845000       0.241653       0.001004
       1.855000       0.232917       0.001251
       1.865000       0.218094       0.001567
       1.875000       0.194034       0.001551
       1.885000       0.164314       0.001401
       1.895000       0.134402       0.001850
       1.905000       0.109975       0.001379
       1.915000       0.087826       0.001429
       1.925000       0.071826       0.001871
       1.935000       0.057907       0.001751
       1.945000       0.052369       0.001674
       1.955000       0.047580       0.001511
       1.965000       0.040741       0.001961
       1.975000       0.037903       0.002167
       1.985000       0.033200       0.002061
       1.995000       0.036076       0.001840
       2.005000       0.035195       0.001413
       2.015000       0.033894       0.001357
       2.025000       0.034818       0.001743
       2.035000       0.032703       0.001856
       2.045000       0.034847       0.002152
       2.055000       0.034777       0.002760
       2.065000       0.033233       0.002538
       2.075000       0.037050       0.001469
       2.085000       0.043023       0.002096
       2.095000       0.046383       0.002376
       2.105000       0.057774       0.001610
       2.115000       0.061926       0.002237
       2.125000       0.072869       0.002126
       2.135000       0.081812       0.001696
       2.145000       0.096626       0.001303
       2.155000       0.105628       0.001483
       2.165000       0.117952       0.001603
       2.175000       0.132801       0.001706
       2.185000       0.141346       0.001755
       2.195000       0.155384       0.001694
       2.205000       0.161271       0.001993
       2.215000       0.174049       0.001688
       2.225000       0.181828       0.001891
       2.235000       0.185036       0.002491
       2.245000       0.187188       0.002197
       2.255000       0.183066       0.002396
       2.265000       0.175726       0.002245
       2.275000       0.161220       0.002304
       2.285000       0.148755       0.001959
       2.295000       0.132049       0.002024
       2.305000       0.122695       0.002310
       2.315000       0.107086       0.002487
       2.325000       0.097409       0.002110
       2.335000       0.089341       0.001574
       2.345000       0.081978       0.001135
       2.355000       0.077433       0.000889
       2.365000       0.074762       0.001309
       2.375000       0.070418       0.001119
       2.386000       0.069157       0.001100
       2.400000       0.066690       0.000731
       2.418000       0.063118       0.000356
       2.440000       0.058580       0.000682
       2.466000       0.053244       0.001302
       2.496000       0.047487       0.000604
       2.528000       0.046070       0.000946
       2.560000       0.044033       0.001261
       2.592000       0.041737       0.001384
       2.624000       0.035931       0.001140
       2.656000       0.031329       0.000974
       2.688000       0.015120       0.000880
       2.720000       0.007267       0.001086
       2.752000      -0.002353       0.001325
       2.784000      -0.005940       0.001661
       2.816000      -0.007804       0.001764
       2.848000      -0.013991       0.002722
       2.880000      -0.001503       0.003017
       2.912000      -0.003014       0.003787
       2.944000       0.009537       0.005044
       2.976000       0.027419       0.005484