       0.350000       0.013580       0.000000
       0.351000       0.013580       0.000000
       0.352000       0.013365       0.000000
       0.353000       0.013267       0.000000
       0.354000       0.013405       0.000000
       0.355000       0.013831       0.000000
       0.356000       0.014337       0.000000
       0.357000       0.014651       0.000000
       0.358000       0.014593       0.000000
       0.359000       0.014350       0.000000
       0.360000       0.014201       0.000000
       0.361000       0.014351       0.000000
       0.362000       0.014714       0.000000
       0.363000       0.015129       0.000000
       0.364000       0.015457       0.000000
       0.365000       0.015640       0.000000
       0.366000       0.015641       0.000000
       0.367000       0.015455       0.000000
       0.368000       0.015201       0.000000
       0.369000       0.015031       0.000000
       0.370000       0.015047       0.000000
       0.371000       0.015159       0.000000
       0.372000       0.015229       0.000000
       0.373000       0.015153       0.000000
       0.374000       0.014969       0.000000
       0.375000       0.014749       0.000000
       0.376000       0.014555       0.000000
       0.377000       0.014420       0.000000
       0.378000       0.014369       0.000000
       0.379000       0.014405       0.000000
       0.380000       0.014454       0.000000
       0.381000       0.014423       0.000000
       0.382000       0.014254       0.000000
       0.383000       0.014044       0.000000
       0.384000       0.013924       0.000000
       0.385000       0.013989       0.000000
       0.386000       0.014176       0.000000
       0.387000       0.014381       0.000000
       0.388000       0.014527       0.000000
       0.389000       0.014628       0.000000
       0.390000       0.014723       0.000000
       0.391000       0.014844       0.000000
       0.392000       0.015000       0.000000
       0.393000       0.015194       0.000000
       0.394000       0.015422       0.000000
       0.395000       0.015654       0.000000
       0.396000       0.015850       0.000000
       0.397000       0.015982       0.000000
       0.398000       0.016064       0.000000
       0.399000       0.016118       0.000000
       0.400000       0.016167       0.000000
       0.401000       0.016236       0.000000
       0.402000       0.016349       0.000000
       0.403000       0.016522       0.000000
       0.404000       0.016728       0.000000