1998       1     nan        nan       0
1998       2     nan        nan       0
1998       3     nan        nan       0
1998       4     nan        nan       0
1998       5     nan        nan       0
1998       6     nan        nan       0
1998       7     nan        nan       0
1998       8     nan        nan       0
1998       9     nan        nan       0
1998      10     nan        nan       0
1998      11     nan        nan       0
1998      12     nan        nan       0
1999       1     nan        nan       0
1999       2     nan        nan       0
1999       3     nan        nan       0
1999       4     56.84      0.30    172
1999       5     54.83      0.40    653
1999       6     53.73      0.45    557
1999       7     52.87      0.59    633
1999       8     51.86      0.57    577
1999       9     51.32      0.67    418
1999      10     50.72      0.64    564
1999      11     50.36      0.63    523
1999      12     49.51      0.84    400
2000       1     49.23      0.92    539
2000       2     48.21      0.89    532
2000       3     47.69      0.85    653
2000       4     47.10      0.83    664
2000       5     45.83      0.85    543
2000       6     45.46      0.75    210
2000       7     nan        nan       0
2000       8     nan        nan       0
2000       9     nan        nan       0
2000      10     43.68      0.51    260
2000      11     43.61      0.20    301
2000      12     43.06      0.15    484
2001       1     42.63      0.15    343
2001       2     42.30      0.13    582
2001       3     41.77      0.14    704
2001       4     40.87      0.14    603
2001       5     39.27      0.14    671
2001       6     38.42      0.13    328
2001       7     37.40      0.18    543
2001       8     36.48      0.21    728
2001       9     36.14      0.18    702
2001      10     35.88      0.19    734
2001      11     35.44      0.20    694
2001      12     35.17      0.20    634
2002       1     34.74      0.21    665
2002       2     34.36      0.24    657
2002       3     33.92      0.21    722
2002       4     33.24      0.21    705
2002       5     32.64      0.18    691
2002       6     32.03      0.16    707
2002       7     31.31      0.18    676
2002       8     30.74      0.20    633
2002       9     30.42      0.22    551
2002      10     30.10      0.19    527
2002      11     29.74      0.16    216
2002      12     29.49      0.17    222
2003       1     29.05      0.18    362
2003       2     29.10      0.16    390
2003       3     28.19      0.16    595
2003       4     28.03      0.15    581
2003       5     27.43      0.14    594
2003       6     26.99      0.14    571
2003       7     26.34      0.13    551
2003       8     25.93      0.15    544
2003       9     25.55      0.14    491
2003      10     25.20      0.14    484
2003      11     24.86      0.14    496
2003      12     24.50      0.14    518
2004       1     24.08      0.15    529
2004       2     23.84      0.14    469
2004       3     23.69      0.14    445
2004       4     23.57      0.14    478
2004       5     22.92      0.14    470
2004       6     22.44      0.15    450
2004       7     22.11      0.15    435
2004       8     21.51      0.16    393
2004       9     21.37      0.14    427
2004      10     20.96      0.14    445
2004      11     20.90      0.14    433
2004      12     20.59      0.14    483
2005       1     20.21      0.14    565
2005       2     20.12      0.13    562
2005       3     19.91      0.14    626
2005       4     19.55      0.14    582
2005       5     19.09      0.14    614
2005       6     18.80      0.13    583
2005       7     18.29      0.14    588
2005       8     18.07      0.16    609
2005       9     18.27      0.15    594
2005      10     18.23      0.14    633
2005      11     18.12      0.14    624
2005      12     17.84      0.13    524
2006       1     17.63      0.15    572
2006       2     17.38      0.17    542
2006       3     17.15      0.16    625
2006       4     17.01      0.16    616
2006       5     16.44      0.15    625
2006       6     15.87      0.16    599
2006       7     15.50      0.17    610
2006       8     15.18      0.16    607
2006       9     14.98      0.20    463
2006      10     14.84      0.16    548
2006      11     14.69      0.15    610
2006      12     14.58      0.14    622
2007       1     14.47      0.16    613
2007       2     14.27      0.16    503
2007       3     14.00      0.30    243
2007       4     nan        nan       0
2007       5     13.39      0.41    298
2007       6     13.12      0.41    583
2007       7     12.86      0.43    567
2007       8     12.92      0.67    154
2007       9     nan        nan       0
2007      10     12.40      0.21    427
2007      11     12.27      0.57    103
2007      12     12.06      0.29    180
2008       1     11.98      0.23    695
2008       2     12.05      0.28    500
2008       3     nan        nan       0
2008       4     nan        nan       0
2008       5     11.05      0.08     83
2008       6     10.96      0.12    653
2008       7     10.76      0.11    678
2008       8     10.56      0.12    672
2008       9     10.38      0.13    648
2008      10     10.24      0.16    598
2008      11     10.14      0.10    632
2008      12     10.05      0.09    659
2009       1     10.28      0.12    147
2009       2     10.02      0.09    275
2009       3      9.90      0.08    631
2009       4      9.68      0.06    655
2009       5      9.40      0.07    671
2009       6      9.24      0.09    605
2009       7      8.96      0.09    674
2009       8      8.78      0.07    613
2009       9      8.72      0.10    648
2009      10      8.60      0.06    670
2009      11      8.56      0.07    645
2009      12      8.44      0.08    666
2010       1      8.31      0.07    589
2010       2      8.24      0.09    332
2010       3      8.17      0.09    653
2010       4      7.99      0.09    625
2010       5      7.82      0.08    680
2010       6      7.65      0.09    649
2010       7      7.51      0.09    670
2010       8      7.36      0.07    467
2010       9      7.29      0.10    527
2010      10      7.20      0.11    689
2010      11      7.14      0.10    655
2010      12      7.04      0.09    638
2011       1      7.00      0.10    541
2011       2      6.88      0.10    612
2011       3      6.81      0.11    679
2011       4      6.68      0.13    648
2011       5      6.62      0.11    623
2011       6      6.65      0.10    610
2011       7      6.44      0.11    670
2011       8      6.30      0.11    682
2011       9      6.20      0.10    653
2011      10      6.16      0.09    678
2011      11      6.12      0.10    658
2011      12      6.24      0.09    677
2012       1      6.13      0.10    671
2012       2      6.07      0.09    627
2012       3      5.98      0.09    535
2012       4      5.95      0.10    651
2012       5      5.81      0.10    666
2012       6      5.66      0.10    631
2012       7      5.51      0.10    675
2012       8      5.39      0.11    668
2012       9      5.29      0.11    626
2012      10      5.21      0.08    627
2012      11      5.24      0.07    657
2012      12      5.10      0.08    740
2013       1      5.03      0.08    603
2013       2      5.05      0.10    596
2013       3      5.00      0.13    656
2013       4      5.01      0.12    420
2013       5      4.84      0.13    673
2013       6      4.66      0.14    638
2013       7      4.52      0.13    625
2013       8      4.47      0.09    474
2013       9      4.46      0.08    606
2013      10      4.35      0.07    680
2013      11      4.28      0.09    635
2013      12      4.26      0.11    679
2014       1      4.14      0.14    670
2014       2      4.36      0.12    379
2014       3      4.40      0.09    587
2014       4      4.40      0.09    296